Nucleus	Mass	Spin	Abundance(%)	MagMoment	Gamma	Q(fm^2)	FreqRatio	Refsample	SampleCondition	LinewidthFactor	Dp	Dc
H	1	0.5	99.9885	4.837353570	26.7522128	0	100.000000	Me4Si	CDCl3, φ = 1%	0	1.000	5.87e3
H	2	1	0.0115	1.21260077	4.10662791	0.2860	15.350609	(CD3)4Si	neat	0.41	1.11e-6	6.52e-3
H	3	0.5	-	5.159714367	28.5349779	0	106.663974	Me4Si-t1	-	0	-	-
He	3	0.5	1.37e-4	-3.685154336	-20.3801587	0	76.179437	He	gas	0	6.06e-7	3.56e-3
Li	6	1	7.59	1.1625637	3.9371709	-0.0808	14.716086	LiCl	D2O, 9.7 m 	0.033	6.45e-4	3.79
Li	7	1.5	92.41	4.20407505	10.3977013	-4.01	38.863797	LiCl	D2O, 9.7 m 	21	0.271	1.59e3
Be	9	1.5	100	-1.520136	-3.759666	5.288	14.051813	BeSO4	D2O, 0.43 m	37	1.39e-2	81.5
B	10	3	19.9	2.0792055	2.8746786	8.459	10.743658	BF3.Et2O	CDCl3	14	3.95e-3	23.2
B	11	1.5	80.1	3.4710308	8.5847044	4.059	32.083974	BF3.Et2O	CDCl3	22	0.132	777
C	13	0.5	1.07	1.216613	6.728284	0	25.145020	Me4Si	CDCl3, φ = 1%	0	1.70e-4	1.00
N	14	1	99.632	0.57100428	1.9337792	2.044	7.226317	CH3NO2	neat/CDCl3	21	1.00e-3	5.90
N	15	0.5	0.368	-0.49049746	-2.71261804	0	10.136767	MeNO2	neat/CDCl3	0	3.84e-6	2.25e-2
O	17	2.5	0.038	-2.24077	-3.62808	-2.558	13.556457	D2O	neat	2.1	1.11e-5	6.50e-2
F	19	0.5	100	4.553333	25.18148	0	94.094011	CCl3F	-	0	0.834	4.90e3
Ne	21	1.5	0.27	-0.854376	-2.11308	10.155	7.894296	Ne	Gas, 1.1 Mpa	140	6.65e-6	3.91e-2
Na	23	1.5	100	2.8629811	7.0808493	10.4	26.451900	NaCl	D2O, 0.1 M	140	9.27e-2	545
Mg	25	2.5	10.00	-1.01220	-1.63887	19.94	6.121635	MgCl2	D2O, 11 M	130	2.68e-4	1.58
Al	27	2.5	100	4.3086865	6.9762715	14.66	26.056859	Al(NO3)3	D2O, 1.1 m	69	0.207	1.22e3
Si	29	0.5	4.6832	-0.96179	-5.3190	0	19.867187	Me4Si	CDCl3, φ = 1%	0	3.68e-4	2.16
P	31	0.5	100	1.95999	10.8394	0	40.480742	H3PO4	-	0	6.65e-2	3.91e2
S	33	1.5	0.76	0.8311696	2.055685	-6.78	7.676000	(NH4)2SO4	D2O, sat.	61	1.72e-5	0.101
Cl	35	1.5	75.78	1.061035	2.624198	-8.165	9.797909	NaCl	D2O, 0.1 M	89	3.58e-3	21.0
Cl	37	1.5	24.22	0.8831998	2.184368	-6.435	8.155725	NaCl	D2O, 0.1 M	55	6.59e-4	3.87
K	39	1.5	93.2581	0.50543376	1.2500608	5.85	4.666373	KCl	D2O, 0.1 M	46	4.76e-4	2.79
K	40	4	0.0117	-1.4513203	-1.5542854	-7.3	5.802018	KCl	D2O, 0.1 M	5.2	6.12e-7	3.59E-3
K	41	1.5	6.7302	0.27739609	0.68606808	7.11	2.561305	KCl	D2O, 0.1 M	67	5.68e-6	3.33e-2
Ca	43	3.5	0.135	-1.494067	-1.803069	-4.08	6.730029	CaCl2	D2O, 0.1 M	2.3	8.68e-6	5.10e-2
Sc	45	3.5	100	5.3933489	6.5087973	-22.0	24.291747	Sc(NO3)3	D2O, 0.06 M	66	0.302	1.78e3
Ti	47	2.5	7.44	-0.93294	-1.5105	30.2	5.637534	TiCl4	neat	290	1.56e-4	0.918
Ti	49	3.5	5.41	-1.25201	-1.51095	24.7	5.639037	TiCl4	neat 	83	2.05e-4	1.20
V	50	6	0.250	3.6137570	2.6706490	21.0	9.970309	VOCl3	neat/C6D6	17	1.39e-4	0.818
V	51	3.5	99.750	5.8380835	7.0455117	-5.2	26.302948	VOCl3	neat/C6D6	3.7	0.383	2.25e3
Cr	53	1.5	9.501	-0.61263	-1.5152	-15.0	5.652496	K2CrO4	D2O, sat.	300	8.63e-5	0.507
Mn	55	2.5	100	4.1042437	6.6452546	33.0	24.789218	KMnO4	D2O, 0.82 m	350	0.179	1.05e3
Fe	57	0.5	2.119	0.1569636	0.8680624	0	3.237778	Fe(CO)5	C6D6	0	7.24e-7	4.25e-3
Co	59	3.5	100	5.247	6.332	42.0	23.727074	K3[Co(CN)6]	D2O, 0.56 m	240	0.278	1.64e3
Ni	61	1.5	1.1399	-0.96827	-2.3948	16.2	8.936051	Ni(CO)4	neat/C6D6	350	4.09e-5	0.240
Cu	63	1.5	69.17	2.8754908	7.1117890	-22.0	26.515473	[Cu(CH3CN)4][ClO4]	CH3CN, sat.	650	6.50e-2	3.82e2
Cu	65	1.5	30.83	3.07465	7.60435	-20.4	28.403693	[Cu(CH3CN)4][ClO4]	CH3CN, sat.	550	3.54e-2	2.08e2
Zn	67	2.5	4.10	1.035556	1.676688	15.0	6.256803	Zn(NO3)2	D2O, sat.	72	1.18e-4	0.692
Ga	69	1.5	60.108	2.603405	6.438855	17.1	24.001354	Ga(NO3)3	D2O, 1.1 m	390	4.19e-2	2.46e2
Ga	71	1.5	39.892	3.307871	8.181171	10.7	30.496704	Ga(NO3)3	D2O, 1.1 m	150	5.71e-2	3.35e2
Ge	73	4.5	7.73	-0.9722881	-0.9360303	-19.6	3.488315	(CH3)4Ge	neat	28	1.09e-4	0.642
As	75	1.5	100	1.858354	4.596163	31.4	17.122614	NaAsF6	CD3CN, 0.5 M	1300	2.54e-2	1.49e2
Se	77	0.5	7.63	0.92677577	5.1253857	0	19.071513	Me2Se	neat/C6D6	0	5.37e-4	3.15
Br	79	1.5	50.69	2.719351	6.725616	31.3	25.053980	NaBr	D2O, 0.01 M	1300	4.03e-2	2.37e2
Br	81	1.5	49.31	2.931283	7.249776	26.2	27.006518	NaBr	D2O, 0.01 M	920	4.91e-2	2.88e2
Kr	83	4.5	11.49	-1.07311	-1.03310	25.9	3.847600	Kr	gas	50	2.18e-4	1.28 
Rb	85	2.5	72.17	1.6013071	2.5927050	27.6	9.654943	RbCl	D2O, 0.01 M	240	7.67e-3	45.0
Rb	87	1.5	27.83	3.552582	8.786400	13.35	32.720454	RbCl	D2O, 0.01 M	240	4.93e-2	2.90e2
Sr	87	4.5	7.00	-1.2090236	-1.1639376	33.5	4.333822	SrCl2	D2O, 0.5 M	83	1.90e-4	1.12
Y	89	0.5	100	-0.23801049	-1.3162791	0	4.900198	Y(NO3)3	H2O/D2O	0	1.19e-4	0.700
Zr	91	2.5	11.22	-1.54246	-2.49743	-17.6	9.296298	Zr(C5H5)2Cl2	CH2Cl2, sat.	99	1.07e-3	6.26
Nb	93	4.5	100	6.8217	6.5674	-32.0	24.476170	K[NbCl6]	CH3CN, sat.	76	0.488	2.87e3
Mo	95	2.5	15.92	-1.082	-1.751	-2.2	6.516926	Na2MoO4	D2O, 2 M	1.5	5.21e-4	3.06
Mo	97	2.5	9.55	-1.105	-1.788	25.5	6.653695	Na2MoO4	D2O, 2 M	210	3.33e-4	1.95
Tc	99	4.5	0	6.281	6.046	-12.9	22.508326	NH4TcO4	D2O	12	0	0
Ru	99	2.5	12.76	-0.7588	-1.229	7.9	4.605151	K4[Ru(CN)6]	D2O, 0.3 M	20	1.44e-4	0.848
Ru	101	2.5	17.06	-0.8505	-1.377	45.7	5.161369	K4[Ru(CN)6]	D2O, 0.3 M	670	2.71e-4	1.59
Rh	103	0.5	100	-0.1531	-0.8468	0	3.186447	Rh(acac)3	CDCl3, sat.	0	3.17e-5	0.186
Pd	105	2.5	22.33	-0.760	-1.23	66.0	4.576100	K2PdCl6	D2O, sat.	1400	2.53e-4	1.49
Ag	107	0.5	51.839	-0.19689893	-1.0889181	0	4.047819	AgNO3	D2O, sat.	0	3.50e-5	0.205
Ag	109	0.5	48.161	-0.22636279	-1.2518634	0	4.653533	AgNO3	D2O, sat.	0	4.94e-5	0.290
Cd	111	0.5	12.80	-1.0303729	-5.6983131	0	21.215480	Me2Cd	neat	0	1.24e-3	7.27
Cd	113	0.5	12.22	-1.0778568	-5.9609155	0	22.193175	Me2Cd	neat	0	1.35e-3	7.94
In	113	4.5	4.29	6.1124	5.8845	79.9	21.865755	In(NO3)3	D2O, 0.1 M	470	1.51e-2	88.5
In	115	4.5	95.71	6.1256	5.8972	81.0	21.912629	In(NO3)3	D2O, 0.1 M	490	0.338	1.98e3
Sn	115	0.5	0.34	-1.5915	-8.8013	0	32.718749	Me4Sn	neat/C6D6	0	1.21e-4	0.711
Sn	117	0.5	7.68	-1.73385	-9.58879	0	35.632259	Me4Sn	neat/C6D6	0	3.54e-3	20.8
Sn	119	0.5	8.59	-1.81394	-10.0317	0	37.290632	Me4Sn	neat/C6D6	0	4.53e-3	26.6
Sb	121	2.5	57.21	3.9796	6.4435	-36.0	23.930577	KSbCl6	CH3CN, sat.	410	9.33e-2	5.48e2
Sb	123	3.5	42.79	2.8912	3.4892	-49.0	12.959217	KSbCl6	CH3CN, sat.	330	1.99e-2	1.17e2
Te	123	0.5	0.89	-1.276431	-7.059098	0	26.169742	Me2Te	neat/C6D6	0	1.64e-4	0.961
Te	125	0.5	7.07	-1.538 9360	-8.5108404	0	31.549769	Me2Te	neat/C6D6	0	2.28e-3	13.4
I	127	2.5	100	3.328710	5.389573	-71.0	20.007486	KI	D2O, 0.01 M	1600	9.54e-2	5.60e2
Xe	129	0.5	26.44	-1.347494	-7.452103	0	27.810186	XeOF4	neat	0	5.72e-3	33.6
Xe	131	1.5	21.18	0.8931899	2.209076	-11.4	8.243921	XeOF4	neat	170	5.96e-4	3.50
Cs	133	3.5	100	2.9277407	3.5332539	-0.343	13.116142	CsNO3	D2O, 0.1 M	0.016	4.84e-2	2.84e2
Ba	135	1.5	6.592	1.08178	2.67550	16.0	9.934457	BaCl2	D2O, 0.5 M	340	3.30e-4	1.93
Ba	137	1.5	11.232	1.21013	2.99295	24.5	11.112928	BaCl2	D2O, 0.5 M	800	7.87e-4	4.62
La	138	5	0.090	4.068095	3.557239	45.0	13.194300	LaCl3	D2O/H2O	120	8.46e-5	0.497
La	139	3.5	99.910	3.1556770	3.8083318	20.0	14.125641	LaCl3	D2O, 0.01 M	5	46.05e-2	3.56e2
Hf	177	3.5	18.60	0.8997	1.086	336.5	4.007	-	-	1.5e4	2.61e-4	1.54
Hf	179	4.5	13.62	-0.7085	-0.6821	379.3	2.517	-	-	1.1e4	7.45e-5	0.438
Ta	181	3.5	99.988	2.6879	3.2438	317.0	11.989600	BKTaCl6	CH3CN, sat.	1.4e4	3.74e-2	2.20e2
W	183	0.5	14.31	0.20400919	1.1282403	0	4.166387	Na2WO4	D2O, 1 M	0	1.07e-5	6.31e-2
Re	185	2.5	37.40	3.7710	6.1057	218.0	22.524600	KReO4	D2O, 0.1 M	1.5e4	5.19e-2	3.05e2
Re	187	2.5	62.60	3.8096	6.1682	207.0	22.751600	BKReO4	D2O, 0.1 M	1.4e4	8.95e-2	5.26e2
Os	187	0.5	1.96	0.1119804	0.6192895	0	2.282331	OsO4	CCl4, 0.98 M	0	2.43e-7	1.43e-3
Os	189	1.5	16.15	0.851970	2.10713	85.6	7.765400	BOsO4	CCl4, 0.98 M	9800	3.95e-4	2.32
Ir	191	1.5	37.3	0.1946	0.4812	81.6	1.718	-	-	8900	1.09e-5	6.38e-2
Ir	193	1.5	62.7	0.2113	0.5227	75.1	1.871	-	-	7500	2.34e-5	0.137
Pt	195	0.5	33.832	1.0557	5.8385	0	21.496784	Na2PtCl6	D2O, 1.2 M	0	3.51e-3	20.7
Au	197	1.5	100	0.191271	0.473060	54.7	1.729	-	-	4000	2.77e-5	0.162
Hg	199	0.5	16.87	0.87621937	4.8457916	0	17.910822	Me2Hg	neat	0	1.00e-3	5.89
Hg	201	1.5	13.18	-0.7232483	-1.788769	38.6	6.611583	C(CH3)2Hg	neat	2000	1.97e-4	1.16
T1	203	0.5	29.524	2.80983305	15.5393338	0	57.123200	T1(NO3)3	-	0	5.79e-2	3.40e2
T1	205	0.5	70.476	2.83747094	15.6921808	0	57.683838	T1(NO3)3	-	0	0.142	8.36e2
Pb	207	0.5	22.1	1.00906	5.58046	0	20.920599	Me4Pb	neat/C6D6	0	2.01e-3	11.8
Bi	209	4.5	100	4.5444	4.3750	-51.6	16.069288	Bi(NO3)2	HNO3/D2O/H2O	200	0.144	8.48e2
